0000000011111111111111100000000000
0000000100000000000000011111000000
0000001000111111111111100000100000
0000010001000000000000011110010000
0000100010001100111111000001001000
0000100000111111000000011100101000
0001000001001100100000111010000100
0010001100111011010010111110000010
0100110011000100110001100000100010
1001000100111000000001000101010001
1010000111000000100001100010100001
1010111100111001001000010000100001
0100001110100110100100100001100010
0010000101100101100011000110100100
0001000100110100111111111100101000
0001000010111110100100100111001000
0000100001100111111111111111001000
0000100000100101111111111111001000
0000010000011100100100100100101000
0000001000100110100100100111000100
0000000110011001111111111100000100
0000000001100110000000000000100100
0000000000011001111000000011000100
0000000000000110000111111100000100
0000000000000001100000000000000100
0000000000000000011111000000011000
0000000000000000000000111111100000
