000000000000000000000000000000000000000000000000000000110000000000000000
000000000000000000000000000000000000000000000000000000110000000000000000
000000000000000000000000000000000000000000000000000000000000000000000000
000000000000000000000000000000000000000000000000000000000000000000000000
000000000000000000000000000000000000000000000000000110000000000000000000
000000000000000000000000000000000000000000000000001001000000000000000000
000000000000000000000000000000000000000000000000001010000000000000000000
000000000000000000000000000000000000000000000000000100000000000000000000
000000000000000000000000000000000000000000000000000000000000000000000000
000000000000000000000000000000000000000000000000000000000000000000000000
000000000000000000000011000000000000000000000000000000000000000000000000
000000000000000000000101000000000000000000000000000000000000000000000000
000111000000000000000001000000000000000000000000000000000000000000000000
001001000000000000000000000000000001010000000000000000000000000000000000
001000100000000000000000000000000001000000000000000000000000000000010000
011001000000000000000000000000000000000100000110000000000000000000101000
000100000000000000000000000000000000011010000110000000000000000000011000
000011000000000000000000000000000000000011000000000000000000000000000000
000011100000000000000000000000000000000000000000000000000000000000000000
000111100000000000000000000000000000000000000001000000000000000000000000
000000000000000000000000000000000010000000000001100000000000000000000000
000000000000000000000000000000000010010000000001110000000000000000000000
000101000000000000000000000000000110011100000001100000000000000000000000
001101100000000000000000000000000111000000000001000000000000000000000000
010101100000011000000000000000011100001100000000000000000000000000000000
110111100000011000000000000000001111111000000000000000000000000000000000
001111100000000000000000000000000100100000000000000000000000000000000000
011001000000000000000000000000001000000001100000000000000000000000000000
001110000000000000000000000000001000000001100000000000000000000000000000
000100000000000000000000000000000010000000000000000000000000000000000010
000000000000000000000000000000000000000000000000000000000000000000000101
000000000000000000000000000000000000000000000000000110000000000000000101
000000000000000000000000000000000000000000000000000110000000000000000010
000000000000000000000000000000000000000000000000000000000000000000000000
000000000000000000000000000000000000000000000000000000000000000000000000
000000000000000000000000000000000000000000000000000000111000000000000000
000000000000000000000000000000000000000000000000000000000001110000000000
